# num_samples height width samples/width
188_001_03.HWR 2237 2130 4156 0.538257940327
182_012_02.HWR 573 1858 3702 0.154781199352
203_014_02.HWR 3160 9275 17718 0.178349700869
204_015_04.HWR 3009 3187 6582 0.457155879672
195_016_04.HWR 602 1787 5050 0.119207920792
200_006_01.HWR 1483 4929 11122 0.133339327459
173_014_04.HWR 2738 1243 5811 0.471175357081
170_001_02.HWR 984 1626 4378 0.224760164459
201_012_02.HWR 394 1608 4129 0.0954226204892
174_004_04.HWR 1096 1385 3847 0.284897322589
191_009_03.HWR 3176 2149 4000 0.794
201_012_01.HWR 346 1470 4687 0.0738212075955
197_006_04.HWR 906 1444 3953 0.229193017961
179_016_02.HWR 6786 1799 3222 2.1061452514
204_012_02.HWR 256 1851 6861 0.0373123451392
195_016_02.HWR 754 1571 5116 0.147380766224
175_015_04.HWR 4012 8144 5446 0.736687477047
190_003_04.HWR 2196 853 3902 0.562788313685
196_001_02.HWR 766 1711 5199 0.147336026159
177_002_04.HWR 3109 1840 5010 0.620558882236
203_014_04.HWR 1637 1729 4969 0.329442543771
182_012_03.HWR 577 1658 4076 0.141560353288
174_004_01.HWR 1721 1676 2081 0.827006246997
197_006_03.HWR 934 1939 3965 0.235561160151
204_015_02.HWR 3067 3176 7328 0.418531659389
174_004_03.HWR 1085 1274 3544 0.306151241535
173_014_01.HWR 2796 1982 7143 0.391432171357
171_014_01.HWR 4955 1644 5963 0.830957571692
177_002_01.HWR 2449 1875 4778 0.512557555463
197_016_04.HWR 251 2166 4389 0.0571884256095
170_001_03.HWR 1337 2168 5467 0.244558258643
194_003_02.HWR 2633 2937 7938 0.331695641219
200_006_04.HWR 1166 1803 4838 0.241008681273
191_009_01.HWR 2777 1732 7191 0.386177165902
180_006_04.HWR 1086 2076 8880 0.122297297297
195_016_01.HWR 949 1653 4512 0.210328014184
201_003_04.HWR 1140 651 3573 0.31905961377
207_015_02.HWR 3847 2282 5871 0.655254641458
172_004_02.HWR 1806 1257 1890 0.955555555556
204_015_01.HWR 2632 2666 5735 0.458936355711
192_004_03.HWR 1285 1721 2728 0.471041055718
179_016_01.HWR 7049 2081 3566 1.97672462142
207_015_01.HWR 4019 2293 6134 0.655200521682
200_006_03.HWR 1282 1681 6068 0.211272247858
194_003_01.HWR 3154 5417 13914 0.226678165876
176_016_02.HWR 891 1598 4958 0.179709560307
194_003_03.HWR 2964 7116 17453 0.169827536813
186_009_04.HWR 916 2099 5311 0.172472227452
190_003_03.HWR 2108 1106 3897 0.540928919682
171_014_03.HWR 5337 1551 7552 0.706700211864
196_009_04.HWR 1019 1404 2951 0.345306675703
173_014_03.HWR 2733 1766 8629 0.316722679337
191_009_04.HWR 2622 2284 5364 0.488814317673
176_016_04.HWR 710 1936 6852 0.103619381203
179_016_04.HWR 5675 2971 4888 1.16100654664
204_012_01.HWR 269 1936 7701 0.0349305285028
172_004_04.HWR 1868 6364 4728 0.395093062606
207_015_04.HWR 3392 2568 6309 0.537644634649
204_015_03.HWR 2687 3347 6720 0.399851190476
190_003_02.HWR 2254 1062 3954 0.570055639858
188_001_02.HWR 2714 1716 3982 0.681567051733
175_015_02.HWR 4584 2144 4666 0.982426060866
171_014_04.HWR 5541 988 7171 0.772695579417
186_009_03.HWR 1113 1430 8904 0.125
179_016_03.HWR 6395 2143 3526 1.81366988088
203_014_03.HWR 2047 1663 13243 0.154572226837
190_003_01.HWR 2131 1098 3289 0.647917300091
177_002_02.HWR 3124 2034 5275 0.592227488152
196_009_02.HWR 1151 1591 3961 0.290583186064
188_001_04.HWR 2477 1591 3756 0.659478168264
197_006_01.HWR 967 1532 4303 0.224726934697
204_012_04.HWR 301 1680 6069 0.0495963091119
201_012_04.HWR 358 1512 3459 0.103498120844
197_006_02.HWR 948 1495 4255 0.222796709753
175_015_01.HWR 5312 2883 4961 1.07075186454
180_006_02.HWR 1158 1427 6564 0.176416819013
176_016_03.HWR 593 1371 4551 0.13030103274
172_004_03.HWR 1437 1366 1760 0.816477272727
172_004_01.HWR 1974 1696 1794 1.10033444816
196_001_01.HWR 780 1801 5184 0.150462962963
191_009_02.HWR 3246 1804 4866 0.667077681874
176_016_01.HWR 1629 2441 12474 0.130591630592
201_003_01.HWR 1110 769 3221 0.344613474076
173_014_02.HWR 3583 9199 16790 0.21340083383
177_002_03.HWR 2670 2011 4509 0.592149035263
179_002_03.HWR 5114 1765 3916 1.30592441267
188_001_01.HWR 2410 1961 3950 0.610126582278
196_001_03.HWR 743 1562 6309 0.117768267554
194_003_04.HWR 2296 2660 8453 0.271619543357
197_016_01.HWR 287 1397 4737 0.0605868693266
192_004_02.HWR 1479 1760 2552 0.579545454545
186_009_02.HWR 1331 1326 5356 0.248506348021
197_016_03.HWR 258 1725 4468 0.0577439570278
180_006_03.HWR 1087 1792 5466 0.198865715331
201_012_03.HWR 340 1380 4012 0.0847457627119
201_003_02.HWR 1008 780 3262 0.309012875536
179_002_01.HWR 6962 1654 4915 1.41648016277
175_015_03.HWR 4718 2334 4178 1.12924844423
186_009_01.HWR 1383 1576 2976 0.464717741935
174_004_02.HWR 1277 1486 2615 0.488336520076
203_014_01.HWR 2994 2083 10911 0.274401979654
200_006_02.HWR 1555 1620 4838 0.321413807358
179_002_02.HWR 6967 1449 3844 1.81243496358
182_012_04.HWR 525 1395 4007 0.131020713751
192_004_04.HWR 697 1477 2721 0.256155825064
196_001_04.HWR 698 2350 8495 0.0821659799882
180_006_01.HWR 1213 1795 7834 0.154837886137
196_009_01.HWR 1119 1191 4758 0.235182849937
207_015_03.HWR 4349 2893 9736 0.446692686935
179_002_04.HWR 5287 2226 3694 1.4312398484
171_014_02.HWR 5310 1684 7238 0.733628074054
182_012_01.HWR 562 1245 3214 0.174859987554
204_012_03.HWR 302 1716 8056 0.0374875868918
197_016_02.HWR 259 1729 4332 0.0597876269621
195_016_03.HWR 617 2846 5667 0.108875948474
196_009_03.HWR 1004 2455 3473 0.289087244457
201_003_03.HWR 1253 650 3322 0.377182420229
170_001_04.HWR 1007 1975 5402 0.186412439837
192_004_01.HWR 1669 1905 9871 0.169081146794
