# name num_samples height width samples/width avg_x_vel var_x_vel num_pos_x_vel pen_down_samples avg_pressure max_pressure max_pressure_x max_pressure_y pressure_range max_dx avg_ddx max_dy avg_ddy var_pressure num_neg_vel/Td num_pos_vel/Td
012_9.HWR 232 2060 4583 0.0506218634082 45.474137931 45.474137931 131.0 203 494.056034483 953 497 144 953 3038 7.0775862069 1164 3.03017241379 0.0 0 0
004_06.HWR 613 1324 3290 0.18632218845 12.5676998369 12.5676998369 341.0 470 418.738988581 861 890 49 861 2266 2.20228384992 287 0.548123980424 0.0 0 0
004_8.HWR 558 2412 4487 0.124359260085 20.0896057348 20.0896057348 313.0 459 426.948028674 770 253 -34 770 3475 4.91039426523 1424 2.49641577061 0.0 0 0
003_8.HWR 841 844 3630 0.231680440771 4.31034482759 4.31034482759 507.0 680 429.787158145 738 168 90 738 709 -0.938168846611 344 0.570749108205 0.0 0 0
014_3.HWR 809 1224 5720 0.141433566434 14.2645241038 14.2645241038 480.0 649 334.980222497 765 2353 -123 765 2924 0.262051915946 185 -0.40173053152 0.0 0 0
015_7.HWR 1928 5468 9692 0.198926950062 7.88018672199 7.88018672199 1154.0 1352 361.237551867 822 799 -294 822 3970 0.35632780083 307 -0.0803941908714 0.0 0 1
004_21.HWR 528 1437 4028 0.131082423039 19.4962121212 19.4962121212 255.0 352 289.839015152 792 -44 -600 792 3162 4.49621212121 733 1.42234848485 0.0 0 1
003_6.HWR 935 1134 3495 0.267525035765 6.89090909091 6.89090909091 535.0 774 438.29197861 760 176 84 760 1668 0.244919786096 473 0.668449197861 0.0 0 0
015_10.HWR 1969 4443 9722 0.202530343551 7.62061960386 7.62061960386 1082.0 1384 455.060944642 979 582 -434 979 4053 0.613001523616 353 0.147282884713 0.0 0 1
004_08.HWR 558 2412 4487 0.124359260085 20.0896057348 20.0896057348 313.0 459 426.948028674 770 253 -34 770 3475 4.91039426523 1424 2.49641577061 0.0 0 0
002_20.HWR 976 860 4246 0.229863400848 8.30942622951 8.30942622951 516.0 701 374.216188525 963 -1162 -183 963 1938 -0.342213114754 242 0.404713114754 0.0 0 0
002_6.HWR 916 682 4091 0.223906135419 8.42248908297 8.42248908297 517.0 719 446.839519651 844 1736 187 844 1835 -0.409388646288 141 0.0720524017467 0.0 0 0
004_03.HWR 533 1501 2917 0.182721974631 12.3977485929 12.3977485929 314.0 419 398.56097561 738 802 38 738 1939 2.19887429644 195 -0.292682926829 0.0 0 1
001_10.HWR 430 2371 5451 0.0788846083287 21.9209302326 21.9209302326 263.0 301 415.674418605 873 1446 -77 873 2416 0.33023255814 766 1.42558139535 0.0 0 0
006_17.HWR 810 1225 3126 0.259117082534 5.21975308642 5.21975308642 409.0 628 478.220987654 850 1326 -170 850 935 -0.592592592593 500 0.964197530864 0.0 0 0
003_5.HWR 982 1296 3891 0.252377280905 4.50101832994 4.50101832994 554.0 793 406.057026477 756 -1114 101 756 1009 -0.391038696538 390 0.514256619145 0.0 0 0
009_09.HWR 886 5221 7671 0.115499934819 -17.618510158 -17.618510158 391.0 563 248.007900677 653 1042 453 653 418 -7.29571106095 936 -3.37584650113 0.0 1 0
014_02.HWR 841 1215 5319 0.158112427148 12.6765755054 12.6765755054 478.0 671 290.771700357 748 2215 -78 748 2689 0.155766944114 397 -0.0154577883472 0.0 0 0
014_11.HWR 1242 1175 8122 0.152918000492 11.0579710145 11.0579710145 546.0 712 270.90257649 774 154 -45 774 3166 -0.830917874396 146 -0.308373590982 0.0 0 0
001_19.HWR 446 2232 4881 0.0913747182954 16.4641255605 16.4641255605 259.0 312 437.053811659 923 954 -267 923 1765 -0.751121076233 461 1.40358744395 0.0 0 1
006_03.HWR 909 1390 3516 0.258532423208 8.19911991199 8.19911991199 475.0 669 404.808580858 860 1140 -152 860 2008 0.63696369637 364 0.38503850385 0.0 0 0
003_05.HWR 982 1296 3891 0.252377280905 4.50101832994 4.50101832994 554.0 793 406.057026477 756 -1114 101 756 1009 -0.391038696538 390 0.514256619145 0.0 0 0
015_3.HWR 1918 10056 25758 0.0744623029738 -30.5234619395 -30.5234619395 1018.0 1388 403.922836288 873 6447 1557 873 2538 -8.37330552659 1905 -1.76225234619 0.0 0 0
002_04.HWR 881 1068 4311 0.204360937138 9.82746878547 9.82746878547 489.0 668 385.331441544 981 -859 -184 981 2184 0.11123723042 538 0.83087400681 0.0 0 0
004_04.HWR 569 1951 3382 0.168243642815 14.5360281195 14.5360281195 289.0 455 412.597539543 766 651 54 766 2504 3.11950790861 1086 2.00527240773 0.0 0 0
004_05.HWR 559 1991 4024 0.138916500994 18.0787119857 18.0787119857 273.0 438 403.703041145 824 653 -163 824 3104 4.16457960644 1138 2.32021466905 0.0 0 0
014_14.HWR 1252 1198 8358 0.149796602058 11.5023961661 11.5023961661 591.0 719 243.720447284 677 -139 -64 677 3389 -0.641373801917 205 -0.170127795527 0.0 0 1
002_03.HWR 877 1008 4223 0.207672270897 9.71037628278 9.71037628278 498.0 681 467.290763968 861 -1007 -216 861 2163 0.209806157355 463 0.871151653364 0.0 0 0
014_16.HWR 1249 2585 8301 0.150463799542 12.9519615693 12.9519615693 563.0 720 235.616493195 690 -1970 210 690 4017 -0.0616493194556 181 -0.656525220176 0.0 0 0
016_20.HWR 261 1737 4980 0.0524096385542 27.5095785441 27.5095785441 149.0 218 508.647509579 944 1983 -765 944 1976 1.67816091954 660 1.14559386973 0.0 0 0
012_12.HWR 227 2347 5761 0.0394028814442 57.9251101322 57.9251101322 141.0 204 567.418502203 1002 -529 -32 1002 3740 8.39207048458 1600 4.55947136564 0.0 0 0
003_3.HWR 951 1426 2968 0.320417789757 5.65509989485 5.65509989485 545.0 717 411.101997897 806 92 -101 806 1318 -0.111461619348 813 1.03364879075 0.0 0 1
006_11.HWR 897 1312 3292 0.27247873633 6.70680044593 6.70680044593 497.0 672 449.210702341 871 77 9 871 1534 0.118171683389 697 1.09698996656 0.0 0 0
016_2.HWR 225 1759 5600 0.0401785714286 26.3822222222 26.3822222222 117.0 211 554.328888889 825 1359 -494 825 1801 5.63555555556 1080 5.42222222222 0.0 0 0
001_6.HWR 382 2122 6269 0.0609347583347 31.3926701571 31.3926701571 250.0 267 436.191099476 950 1768 599 950 3300 2.97905759162 987 2.14659685864 0.0 0 1
009_17.HWR 755 1556 3216 0.234763681592 3.92185430464 3.92185430464 397.0 575 355.478145695 721 767 -115 721 625 -0.62119205298 395 -0.760264900662 0.0 0 0
012_24.HWR 236 2504 5340 0.0441947565543 50.7415254237 50.7415254237 141.0 207 519.271186441 1002 171 66 1002 3518 9.02118644068 1306 3.3093220339 0.0 0 0
004_15.HWR 512 1398 3163 0.161871640847 15.11328125 15.11328125 264.0 451 483.81640625 782 523 -85 782 2338 3.1640625 205 0.3125 0.0 0 0
002_23.HWR 861 775 4597 0.18729606265 11.049941928 11.049941928 479.0 665 396.297328688 919 -915 -229 919 2482 0.511033681765 241 0.528455284553 0.0 0 0
001_03.HWR 463 2275 4948 0.0935731608731 17.8293736501 17.8293736501 241.0 338 389.654427646 888 1547 19 861 2081 0.11879049676 242 0.894168466523 0.0 0 0
016_12.HWR 250 1984 4968 0.0503220611916 23.648 23.648 129.0 207 489.192 937 2000 -862 937 1655 2.672 1021 1.424 0.0 1 0
009_16.HWR 767 1639 2703 0.283758786533 7.44589308996 7.44589308996 419.0 576 318.683181226 700 771 -187 700 1511 0.423728813559 362 0.0013037809648 0.0 0 0
006_3.HWR 909 1390 3516 0.258532423208 8.19911991199 8.19911991199 475.0 669 404.808580858 860 1140 -152 860 2008 0.63696369637 364 0.38503850385 0.0 0 0
012_21.HWR 248 2094 4116 0.0602526724976 37.2419354839 37.2419354839 138.0 216 479.741935484 910 675 185 910 2639 5.39516129032 987 2.66935483871 0.0 0 0
001_18.HWR 406 1960 5181 0.0783632503378 21.7044334975 21.7044334975 253.0 267 394.078817734 900 1688 656 900 2209 -0.0837438423645 883 2.16995073892 0.0 0 1
003_03.HWR 951 1426 2968 0.320417789757 5.65509989485 5.65509989485 545.0 717 411.101997897 806 92 -101 806 1318 -0.111461619348 813 1.03364879075 0.0 0 1
014_08.HWR 1242 1899 8420 0.147505938242 11.1215780998 11.1215780998 554.0 706 244.445249597 729 67 -69 729 3151 -0.928341384863 179 -0.522544283414 0.0 0 0
006_07.HWR 895 1531 3251 0.275299907721 6.76536312849 6.76536312849 512.0 661 438.636871508 867 394 -164 867 1506 -0.0234636871508 579 0.972067039106 0.0 0 1
001_16.HWR 383 2380 5687 0.0673465799191 19.1514360313 19.1514360313 229.0 273 451.093994778 984 1290 -204 984 1749 -1.09399477807 582 1.60052219321 0.0 0 1
015_06.HWR 2008 8613 25565 0.0785448855858 -27.5139442231 -27.5139442231 1066.0 1458 392.87001992 868 6097 1065 868 2040 -7.8187250996 1253 -2.27290836653 0.0 0 0
014_10.HWR 1265 2256 8912 0.141943447038 11.5383399209 11.5383399209 616.0 728 254.399209486 701 -113 -101 701 3503 -0.43162055336 153 -0.434782608696 0.0 0 0
004_10.HWR 542 2721 4275 0.126783625731 19.7011070111 19.7011070111 298.0 449 422.647601476 758 641 -13 758 3279 4.57564575646 1824 3.4667896679 0.0 0 1
003_16.HWR 864 1818 3436 0.251455180442 8.53819444444 8.53819444444 477.0 699 435.894675926 762 -1060 114 762 1977 0.584490740741 370 0.452546296296 0.0 0 0
003_08.HWR 841 844 3630 0.231680440771 4.31034482759 4.31034482759 507.0 680 429.787158145 738 168 90 738 709 -0.938168846611 344 0.570749108205 0.0 0 0
001_4.HWR 408 2779 6402 0.0637300843486 30.8308823529 30.8308823529 262.0 281 382.845588235 956 1456 127 956 3521 3.5318627451 1368 3.02205882353 0.0 0 1
006_4.HWR 912 3360 3137 0.290723621294 3.10855263158 3.10855263158 512.0 641 421.927631579 863 1415 -140 863 437 -1.20285087719 270 -2.57894736842 0.0 0 1
003_01.HWR 891 1256 3399 0.26213592233 4.85185185185 4.85185185185 513.0 708 409.272727273 789 -87 101 789 949 -0.602693602694 595 0.773288439955 0.0 0 0
002_14.HWR 870 1036 4071 0.213706705969 9.57011494253 9.57011494253 483.0 686 440.872413793 907 -844 -176 907 2133 0.268965517241 493 0.814942528736 0.0 0 0
004_13.HWR 534 1278 3568 0.14966367713 15.797752809 15.797752809 275.0 427 384.299625468 887 675 -92 887 2550 3.40074906367 527 0.842696629213 0.0 0 0
014_6.HWR 822 1366 6063 0.135576447303 15.0291970803 15.0291970803 476.0 677 370.779805353 809 1536 31 809 3152 0.330900243309 202 -0.467153284672 0.0 0 0
009_04.HWR 851 3175 5194 0.163842895649 13.4453584019 13.4453584019 469.0 567 265.925969448 664 -582 -109 664 3417 2.61574618096 444 -2.02702702703 0.0 0 1
002_7.HWR 930 1104 4242 0.219236209335 9.2064516129 9.2064516129 523.0 708 412.975268817 999 -940 -147 999 2217 0.367741935484 603 1.0 0.0 0 0
012_5.HWR 220 2091 3916 0.0561797752809 36.9909090909 36.9909090909 127.0 191 532.272727273 1022 5 -41 1022 2261 4.44545454545 1246 3.38181818182 0.0 0 0
003_21.HWR 783 1357 3259 0.240257747775 6.87867177522 6.87867177522 455.0 656 429.076628352 787 -1086 87 787 1335 -0.0791826309068 654 0.886334610473 0.0 0 0
012_19.HWR 230 2307 4436 0.0518485121731 40.7217391304 40.7217391304 126.0 208 487.873913043 1000 713 199 1000 2648 5.51304347826 1423 4.04347826087 0.0 0 0
002_06.HWR 916 682 4091 0.223906135419 8.42248908297 8.42248908297 517.0 719 446.839519651 844 1736 187 844 1835 -0.409388646288 141 0.0720524017467 0.0 0 0
009_01.HWR 743 1901 3161 0.235052198671 7.20726783311 7.20726783311 417.0 564 296.049798116 690 739 -20 690 1451 0.590847913863 321 0.64602960969 0.0 0 0
006_05.HWR 898 1991 3446 0.260591990714 7.64365256125 7.64365256125 523.0 651 427.233853007 852 1392 -332 852 1779 0.30289532294 1241 1.81959910913 0.0 0 1
009_5.HWR 880 2599 2844 0.309423347398 7.18636363636 7.18636363636 462.0 579 265.7 667 -427 -209 667 1753 0.765909090909 359 -1.78636363636 0.0 0 1
016_15.HWR 250 1765 4792 0.0521702838063 21.292 21.292 135.0 214 496.288 874 1559 -778 874 1441 1.444 883 2.136 0.0 0 0
006_19.HWR 799 1373 3329 0.24001201562 6.00125156446 6.00125156446 463.0 620 494.290362954 918 589 -207 918 1121 -0.389236545682 451 0.90112640801 0.0 0 0
012_01.HWR 225 2198 5154 0.0436554132712 51.76 51.76 132.0 204 508.848888889 1019 568 154 1019 3449 9.66222222222 1447 3.92444444444 0.0 0 0
009_7.HWR 878 4496 7409 0.118504521528 20.777904328 20.777904328 520.0 572 257.284738041 628 428 238 628 5557 4.53872437358 657 -3.24145785877 0.0 1 1
009_18.HWR 810 4593 3288 0.246350364964 -2.43827160494 -2.43827160494 416.0 588 320.519753086 694 882 -83 694 345 -2.75185185185 458 -4.04938271605 0.0 0 0
009_08.HWR 892 4033 9553 0.0933738092746 28.1670403587 28.1670403587 524.0 602 268.8632287 638 -229 -27 638 7791 6.7701793722 683 -2.58408071749 0.0 1 1
015_2.HWR 1558 3020 6881 0.226420578404 9.83697047497 9.83697047497 966.0 1446 512.3042362 795 463 511 795 4403 1.46726572529 1407 1.09435173299 0.0 0 0
004_24.HWR 553 1383 3082 0.179428942245 12.1084990958 12.1084990958 294.0 370 333.716094033 924 1137 -24 924 1861 1.42495479204 588 1.0 0.0 0 1
014_8.HWR 1242 1899 8420 0.147505938242 11.1215780998 11.1215780998 554.0 706 244.445249597 729 67 -69 729 3151 -0.928341384863 179 -0.522544283414 0.0 0 0
006_06.HWR 827 1749 3440 0.240406976744 8.9492140266 8.9492140266 449.0 632 470.051995163 858 628 -31 858 2039 0.912938331318 1167 1.86336154776 0.0 0 0
002_08.HWR 892 886 4126 0.216190014542 9.0033632287 9.0033632287 501.0 676 413.780269058 1022 -839 -152 1022 1960 -0.198430493274 327 0.45067264574 0.0 0 0
006_24.HWR 840 1243 4893 0.171673819742 13.3904761905 13.3904761905 458.0 638 470.93452381 838 1187 -182 838 3234 2.05238095238 631 1.05119047619 0.0 0 0
001_24.HWR 561 6501 11820 0.047461928934 47.303030303 47.303030303 341.0 264 301.639928699 942 1009 288 942 7935 9.19251336898 2301 5.30303030303 0.0 1 1
015_12.HWR 1540 2913 4812 0.320033250208 6.10519480519 6.10519480519 915.0 1389 571.290909091 1022 2037 65 1022 2369 0.0480519480519 633 0.481168831169 0.0 0 0
002_11.HWR 914 1010 5087 0.179673678003 11.8260393873 11.8260393873 528.0 696 410.628008753 853 -1048 -288 853 2922 0.992341356674 469 0.645514223195 0.0 0 0
002_1.HWR 882 1357 4276 0.206267539757 9.92517006803 9.92517006803 485.0 683 462.005668934 925 1632 98 925 2248 0.294784580499 747 1.13945578231 0.0 0 0
012_13.HWR 235 2463 5390 0.043599257885 53.8936170213 53.8936170213 135.0 210 565.982978723 960 -43 -103 960 3729 9.85106382979 1645 4.65106382979 0.0 0 0
014_13.HWR 1238 2282 8867 0.139618811323 11.049273021 11.049273021 620.0 702 239.592891761 718 867 -123 718 3218 -0.6098546042 195 -0.27140549273 0.0 0 1
016_3.HWR 260 1966 4476 0.0580875781948 13.8038461538 13.8038461538 138.0 215 450.011538462 707 661 -257 707 954 0.896153846154 987 2.24230769231 0.0 1 0
002_19.HWR 927 1000 4034 0.229796727814 8.33656957929 8.33656957929 523.0 701 342.968716289 777 1346 3 777 1849 -0.366774541532 246 0.512405609493 0.0 0 0
016_24.HWR 235 1410 5263 0.0446513395402 18.1446808511 18.1446808511 121.0 201 506.165957447 1005 1336 -633 1005 1199 1.57446808511 509 0.668085106383 0.0 0 0
002_22.HWR 867 833 4085 0.212239902081 9.29988465975 9.29988465975 487.0 652 384.667820069 900 -990 -189 900 1999 -0.042675893887 252 0.39907727797 0.0 0 0
001_07.HWR 748 2485 11517 0.0649474689589 24.2767379679 24.2767379679 276.0 257 220.709893048 929 -3511 913 929 6852 -3.19117647059 481 -0.209893048128 0.0 1 1
009_1.HWR 743 1901 3161 0.235052198671 7.20726783311 7.20726783311 417.0 564 296.049798116 690 739 -20 690 1451 0.590847913863 321 0.64602960969 0.0 0 0
004_2.HWR 510 1214 3509 0.145340552864 17.1137254902 17.1137254902 291.0 373 380.52745098 816 -451 -466 816 2671 3.85490196078 177 0.166666666667 0.0 0 1
016_11.HWR 233 1618 4450 0.0523595505618 28.3519313305 28.3519313305 125.0 195 465.407725322 1022 1733 -599 1022 1946 4.84120171674 843 3.06008583691 0.0 0 0
014_03.HWR 809 1224 5720 0.141433566434 14.2645241038 14.2645241038 480.0 649 334.980222497 765 2353 -123 765 2924 0.262051915946 185 -0.40173053152 0.0 0 0
009_19.HWR 785 1639 4747 0.16536760059 13.8598726115 13.8598726115 434.0 592 330.141401274 663 912 -86 663 3190 2.3949044586 429 -0.373248407643 0.0 0 0
016_16.HWR 237 1855 5154 0.045983701979 23.6160337553 23.6160337553 123.0 194 474.805907173 849 1540 -786 849 1602 3.50632911392 993 1.90717299578 0.0 0 0
012_20.HWR 233 2282 4846 0.0480808914569 45.5364806867 45.5364806867 129.0 207 481.716738197 923 975 283 923 3025 6.62660944206 1369 3.96995708155 0.0 0 0
015_18.HWR 1526 2880 4220 0.361611374408 3.97771952818 3.97771952818 940.0 1345 495.975753604 830 1682 -227 830 1343 -0.457404980341 357 0.445609436435 0.0 0 0
002_3.HWR 877 1008 4223 0.207672270897 9.71037628278 9.71037628278 498.0 681 467.290763968 861 -1007 -216 861 2163 0.209806157355 463 0.871151653364 0.0 0 0
001_02.HWR 357 2366 4721 0.0756195721245 20.0588235294 20.0588235294 209.0 290 463.240896359 884 1533 -57 707 1840 0.607843137255 251 0.644257703081 0.0 0 0
014_23.HWR 1256 2154 8110 0.15487053021 11.0780254777 11.0780254777 647.0 734 267.054140127 701 -31 -44 701 3327 -0.449044585987 162 -0.346337579618 0.0 0 0
003_06.HWR 935 1134 3495 0.267525035765 6.89090909091 6.89090909091 535.0 774 438.29197861 760 176 84 760 1668 0.244919786096 473 0.668449197861 0.0 0 0
002_21.HWR 893 894 3954 0.225847243298 8.32922732363 8.32922732363 490.0 685 405.393057111 828 -1090 -112 828 1819 -0.156774916013 203 0.413213885778 0.0 0 0
003_18.HWR 803 1310 3926 0.204533876719 9.9900373599 9.9900373599 489.0 647 382.866749689 766 -1167 94 766 2171 0.814445828144 565 0.814445828144 0.0 0 0
014_22.HWR 1262 3671 8348 0.151173933876 11.6101426307 11.6101426307 592.0 728 243.001584786 722 -1908 -26 722 3526 -0.418383518225 2548 1.94136291601 0.0 0 0
014_24.HWR 910 1066 6067 0.149991758695 13.7252747253 13.7252747253 505.0 726 383.682417582 755 1482 -52 755 3251 0.608791208791 126 -0.325274725275 0.0 0 0
006_12.HWR 856 1526 3001 0.285238253915 5.42289719626 5.42289719626 441.0 679 495.442757009 850 978 -65 850 1078 -0.355140186916 610 1.42406542056 0.0 0 0
006_15.HWR 820 1229 3686 0.222463374932 8.16585365854 8.16585365854 423.0 631 465.381707317 944 1445 -232 944 1732 0.258536585366 654 1.06829268293 0.0 0 0
004_23.HWR 490 2281 3621 0.135321734328 17.7387755102 17.7387755102 255.0 365 347.618367347 765 44 -34 765 2560 3.2 1156 2.76326530612 0.0 0 1
015_5.HWR 1991 4463 8254 0.241216379937 7.40180813661 7.40180813661 1096.0 1470 415.041185334 802 1104 -78 802 3884 0.411351079859 466 0.108990457057 0.0 0 0
004_1.HWR 645 1967 7476 0.0862760834671 29.8 29.8 363.0 450 389.790697674 944 190 -165 944 5922 6.97519379845 1145 1.71317829457 0.0 0 1
006_7.HWR 895 1531 3251 0.275299907721 6.76536312849 6.76536312849 512.0 661 438.636871508 867 394 -164 867 1506 -0.0234636871508 579 0.972067039106 0.0 0 1
014_21.HWR 1272 5061 19574 0.0649841626648 -29.3875786164 -29.3875786164 615.0 722 242.422955975 696 6460 1277 696 2450 -7.22091194969 1107 -1.44418238994 0.0 0 0
003_24.HWR 782 1440 3872 0.201962809917 10.7122762148 10.7122762148 469.0 625 403.744245524 789 -1186 92 789 2285 0.960358056266 458 0.705882352941 0.0 0 0
014_04.HWR 836 1207 5771 0.144862242246 14.4425837321 14.4425837321 499.0 681 342.982057416 723 1384 1 723 3157 0.700956937799 418 -0.0693779904306 0.0 0 0
016_10.HWR 219 1596 5037 0.0434782608696 30.2511415525 30.2511415525 120.0 184 483.908675799 903 1791 -605 903 1903 3.59360730594 807 3.34703196347 0.0 0 0
012_22.HWR 247 2283 5074 0.048679542767 47.2631578947 47.2631578947 134.0 214 480.165991903 884 851 186 884 3418 8.25910931174 1150 2.61943319838 0.0 0 0
001_04.HWR 352 2235 4972 0.070796460177 24.4261363636 24.4261363636 220.0 281 443.752840909 956 1810 229 906 2306 1.59659090909 467 1.19602272727 0.0 0 0
012_10.HWR 215 2358 4298 0.0500232666356 40.0325581395 40.0325581395 120.0 192 595.623255814 1022 270 282 1022 2363 4.43255813953 1557 3.96279069767 0.0 0 0
014_17.HWR 1256 1833 8404 0.149452641599 12.8447452229 12.8447452229 655.0 738 276.666401274 800 -136 -157 800 4005 -0.0501592356688 1320 0.779458598726 0.0 0 1
001_23.HWR 348 1921 6522 0.0533578656854 34.7931034483 34.7931034483 216.0 250 467.721264368 1005 1605 -42 1005 3359 3.64942528736 684 2.3275862069 0.0 0 1
015_04.HWR 1968 5101 10123 0.194408772103 9.04928861789 9.04928861789 1155.0 1418 376.328252033 827 592 -369 827 4834 0.791158536585 1413 0.213414634146 0.0 0 1
009_2.HWR 756 1772 3739 0.202193099759 10.7023809524 10.7023809524 423.0 550 279.732804233 642 -720 -354 642 2326 1.59126984127 690 1.31349206349 0.0 0 0
015_23.HWR 1477 3513 7533 0.196070622594 11.7461069736 11.7461069736 917.0 1351 521.545700745 881 2069 -24 881 5043 1.91130670278 2136 1.48341232227 0.0 0 0
012_18.HWR 235 1878 4675 0.0502673796791 41.0468085106 41.0468085106 125.0 206 521.280851064 982 1346 374 982 2735 5.74468085106 932 2.0085106383 0.0 0 0
015_22.HWR 1491 3988 7435 0.200537995965 11.1562709591 11.1562709591 942.0 1311 460.66130114 864 2243 -107 864 4761 1.63112005366 2600 1.83031522468 0.0 0 0
002_9.HWR 886 941 4216 0.210151802657 8.5316027088 8.5316027088 481.0 688 417.030474041 771 1843 220 771 1778 -0.472911963883 393 0.571106094808 0.0 0 0
006_01.HWR 1015 1478 3321 0.305630834086 4.82463054187 4.82463054187 532.0 733 401.401970443 812 1319 -372 812 1159 -0.257142857143 425 0.592118226601 0.0 0 0
002_15.HWR 873 960 3979 0.219401859764 8.73195876289 8.73195876289 483.0 681 415.608247423 870 -1030 -162 870 1827 -0.335624284078 384 0.756013745704 0.0 0 0
014_5.HWR 1199 1469 7712 0.155471991701 12.2935779817 12.2935779817 558.0 681 237.572143453 771 -162 158 771 3526 -0.52210175146 181 -0.292743953294 0.0 0 1
006_6.HWR 827 1749 3440 0.240406976744 8.9492140266 8.9492140266 449.0 632 470.051995163 858 628 -31 858 2039 0.912938331318 1167 1.86336154776 0.0 0 0
004_16.HWR 574 1590 4084 0.140548481881 17.5383275261 17.5383275261 293.0 350 289.287456446 779 840 0 779 3112 4.25261324042 951 1.54006968641 0.0 1 1
016_8.HWR 249 1798 4707 0.0528999362651 18.3975903614 18.3975903614 128.0 200 427.831325301 821 1655 -602 821 1276 1.44176706827 1002 2.77510040161 0.0 0 0
016_05.HWR 258 1590 4934 0.0522902310499 20.1434108527 20.1434108527 139.0 221 466.899224806 979 1674 -631 979 1408 1.61627906977 859 2.41472868217 0.0 0 0
016_04.HWR 265 1906 5117 0.0517881571233 19.8528301887 19.8528301887 140.0 228 486.41509434 1007 1608 -806 1007 1427 1.20377358491 971 1.58113207547 0.0 0 0
012_09.HWR 232 2060 4583 0.0506218634082 45.474137931 45.474137931 131.0 203 494.056034483 953 497 144 953 3038 7.0775862069 1164 3.03017241379 0.0 0 0
003_10.HWR 808 1365 3062 0.263879817113 8.55693069307 8.55693069307 438.0 660 440.669554455 786 -975 70 786 1928 1.0 662 0.967821782178 0.0 0 0
001_06.HWR 382 2122 6269 0.0609347583347 31.3926701571 31.3926701571 250.0 267 436.191099476 950 1768 599 950 3300 2.97905759162 987 2.14659685864 0.0 0 1
014_15.HWR 1237 8315 23813 0.0519464158233 -38.0476960388 -38.0476960388 598.0 704 253.413904608 836 7832 2267 836 3424 -8.99029911075 1910 -2.65642683913 0.0 0 0
001_15.HWR 470 2461 5458 0.086112128985 20.0319148936 20.0319148936 297.0 310 405.876595745 868 724 -385 868 2331 -0.210638297872 575 2.13829787234 0.0 0 1
003_07.HWR 893 1403 3604 0.247780244173 4.67525195969 4.67525195969 487.0 671 394.165733483 721 -1176 127 721 903 -0.643896976484 391 0.52967525196 0.0 0 1
002_18.HWR 926 842 3986 0.232313095835 6.73758099352 6.73758099352 492.0 692 390.852051836 875 -1010 -171 875 1335 -0.94060475162 111 -0.179265658747 0.0 0 0
006_9.HWR 824 1392 3518 0.234223990904 6.71601941748 6.71601941748 425.0 643 497.197815534 901 325 -97 901 1334 -0.259708737864 781 1.31189320388 0.0 0 0
009_3.HWR 810 1443 3061 0.264619405423 7.6037037037 7.6037037037 429.0 582 289.603703704 622 260 -285 622 1697 0.766666666667 306 -0.50987654321 0.0 0 0
012_3.HWR 215 2135 4626 0.046476437527 47.3209302326 47.3209302326 123.0 194 598.209302326 1022 -484 -51 1022 2820 5.37674418605 1349 2.81860465116 0.0 0 0
015_16.HWR 1505 3547 7046 0.213596366733 10.5514950166 10.5514950166 976.0 1328 466.176744186 824 2193 107 824 4552 1.55481727575 2050 1.59800664452 0.0 0 0
004_09.HWR 667 1478 2661 0.250657647501 8.21589205397 8.21589205397 357.0 498 331.343328336 754 706 -42 754 1487 0.761619190405 601 0.460269865067 0.0 0 1
016_18.HWR 248 2002 5372 0.0461653015637 22.5927419355 22.5927419355 129.0 206 508.25 962 1788 -939 962 1593 2.35080645161 827 0.673387096774 0.0 0 0
006_14.HWR 821 1254 3318 0.247438215793 4.46163215591 4.46163215591 426.0 638 474.068209501 864 246 -104 864 758 -0.790499390987 339 0.705237515225 0.0 0 0
002_09.HWR 886 941 4216 0.210151802657 8.5316027088 8.5316027088 481.0 688 417.030474041 771 1843 220 771 1778 -0.472911963883 393 0.571106094808 0.0 0 0
004_12.HWR 585 1628 4108 0.142405063291 16.9726495726 16.9726495726 327.0 465 377.47008547 812 629 -123 812 2956 3.36581196581 741 1.4188034188 0.0 0 1
001_11.HWR 827 4174 10202 0.0810625367575 18.6856106409 18.6856106409 519.0 288 212.351874244 1004 -673 -338 1004 3726 -0.6638452237 199 -0.459492140266 0.0 1 2
015_11.HWR 1914 3626 8196 0.233528550512 7.69331243469 7.69331243469 991.0 1378 451.474399164 1011 803 -346 1011 3904 0.469696969697 277 0.243991640543 0.0 0 0
009_12.HWR 840 4816 4859 0.172875077176 -8.47261904762 -8.47261904762 416.0 566 297.919047619 701 810 218 701 402 -4.36071428571 686 -3.59404761905 0.0 0 0
009_20.HWR 768 2016 3212 0.239103362391 6.77213541667 6.77213541667 406.0 556 309.626302083 634 838 -50 634 1363 0.326822916667 446 -1.07682291667 0.0 0 0
016_13.HWR 230 1672 5043 0.0456077731509 25.5304347826 25.5304347826 120.0 193 483.27826087 804 1414 -791 804 1676 3.61739130435 853 1.3347826087 0.0 0 0
012_03.HWR 215 2135 4626 0.046476437527 47.3209302326 47.3209302326 123.0 194 598.209302326 1022 -484 -51 1022 2820 5.37674418605 1349 2.81860465116 0.0 0 0
006_18.HWR 798 1166 3471 0.229904926534 9.01879699248 9.01879699248 427.0 613 505.779448622 939 967 -36 939 1928 0.670426065163 262 0.640350877193 0.0 0 0
009_6.HWR 828 5920 3084 0.268482490272 -1.07608695652 -1.07608695652 379.0 556 291.094202899 657 762 18 657 345 -1.97222222222 578 -5.59057971014 0.0 1 0
015_8.HWR 2008 5883 9816 0.20456397718 7.06025896414 7.06025896414 979.0 1471 395.594123506 924 784 -648 924 3738 0.385956175299 360 -0.00348605577689 0.0 0 0
002_02.HWR 915 1186 4503 0.203197868088 10.0797814208 10.0797814208 507.0 693 466.406557377 916 1625 75 916 2362 0.245901639344 659 0.887431693989 0.0 0 0
016_14.HWR 266 1822 4660 0.0570815450644 16.4962406015 16.4962406015 135.0 229 512.654135338 910 1539 -873 910 1187 1.28571428571 802 1.98120300752 0.0 0 0
009_8.HWR 892 4033 9553 0.0933738092746 28.1670403587 28.1670403587 524.0 602 268.8632287 638 -229 -27 638 7791 6.7701793722 683 -2.58408071749 0.0 1 1
001_05.HWR 396 2352 7138 0.0554777248529 35.6792929293 35.6792929293 262.0 269 387.126262626 952 1118 -75 952 4005 4.7398989899 1157 2.9595959596 0.0 0 1
006_16.HWR 853 1368 3035 0.281054365733 3.1735052755 3.1735052755 463.0 640 465.274325909 841 89 -53 841 438 -1.15240328253 360 0.554513481829 0.0 0 0
012_14.HWR 229 2229 4709 0.0486302824379 34.5589519651 34.5589519651 120.0 206 461.746724891 939 1294 492 939 2112 2.43668122271 1225 2.45851528384 0.0 0 0
015_02.HWR 1558 3020 6881 0.226420578404 9.83697047497 9.83697047497 966.0 1446 512.3042362 795 463 511 795 4403 1.46726572529 1407 1.09435173299 0.0 0 0
015_08.HWR 2008 5883 9816 0.20456397718 7.06025896414 7.06025896414 979.0 1471 395.594123506 924 784 -648 924 3738 0.385956175299 360 -0.00348605577689 0.0 0 0
016_07.HWR 248 1871 4633 0.0535290308655 27.3024193548 27.3024193548 131.0 207 463.35483871 993 1911 -768 993 1880 2.72177419355 982 2.98387096774 0.0 0 0
001_8.HWR 388 2379 5843 0.066404244395 27.6262886598 27.6262886598 249.0 247 389.93814433 996 1287 11 996 2849 1.72422680412 1067 2.82731958763 0.0 0 1
015_6.HWR 2008 8613 25565 0.0785448855858 -27.5139442231 -27.5139442231 1066.0 1458 392.87001992 868 6097 1065 868 2040 -7.8187250996 1253 -2.27290836653 0.0 0 0
004_20.HWR 490 2286 4345 0.112773302647 22.8346938776 22.8346938776 277.0 355 327.416326531 744 100 -151 744 3422 5.11632653061 1436 3.54285714286 0.0 0 1
014_1.HWR 839 1157 5468 0.153438185808 13.4338498212 13.4338498212 482.0 676 361.933253874 781 1639 -55 781 2912 0.46126340882 552 0.258641239571 0.0 0 0
003_7.HWR 893 1403 3604 0.247780244173 4.67525195969 4.67525195969 487.0 671 394.165733483 721 -1176 127 721 903 -0.643896976484 391 0.52967525196 0.0 0 1
015_17.HWR 1474 2996 6057 0.243354796104 8.64382632293 8.64382632293 895.0 1322 496.200135685 852 1918 -128 852 3548 0.977611940299 1595 1.18317503392 0.0 0 0
009_05.HWR 880 2599 2844 0.309423347398 7.18636363636 7.18636363636 462.0 579 265.7 667 -427 -209 667 1753 0.765909090909 359 -1.78636363636 0.0 0 1
009_4.HWR 851 3175 5194 0.163842895649 13.4453584019 13.4453584019 469.0 567 265.925969448 664 -582 -109 664 3417 2.61574618096 444 -2.02702702703 0.0 0 1
012_2.HWR 213 1974 4379 0.0486412422928 43.5070422535 43.5070422535 115.0 194 543.863849765 1022 -488 -59 1022 2631 6.07042253521 1165 2.76056338028 0.0 0 0
004_18.HWR 534 1597 3463 0.154201559342 15.3558052434 15.3558052434 283.0 397 319.752808989 777 -77 22 777 2416 2.74157303371 969 1.77153558052 0.0 0 1
014_05.HWR 1199 1469 7712 0.155471991701 12.2935779817 12.2935779817 558.0 681 237.572143453 771 -162 158 771 3526 -0.52210175146 181 -0.292743953294 0.0 0 1
001_5.HWR 396 2352 7138 0.0554777248529 35.6792929293 35.6792929293 262.0 269 387.126262626 952 1118 -75 952 4005 4.7398989899 1157 2.9595959596 0.0 0 1
012_02.HWR 213 1974 4379 0.0486412422928 43.5070422535 43.5070422535 115.0 194 543.863849765 1022 -488 -59 1022 2631 6.07042253521 1165 2.76056338028 0.0 0 0
015_9.HWR 1539 3329 6489 0.237170596394 9.16699155296 9.16699155296 918.0 1340 503.131254061 981 2064 -251 981 4006 1.24496426251 2078 1.55295646524 0.0 0 0
015_05.HWR 1991 4463 8254 0.241216379937 7.40180813661 7.40180813661 1096.0 1470 415.041185334 802 1104 -78 802 3884 0.411351079859 466 0.108990457057 0.0 0 0
016_02.HWR 225 1759 5600 0.0401785714286 26.3822222222 26.3822222222 117.0 211 554.328888889 825 1359 -494 825 1801 5.63555555556 1080 5.42222222222 0.0 0 0
016_09.HWR 251 1739 5613 0.0447176198112 22.374501992 22.374501992 132.0 213 516.486055777 990 1791 -722 990 1628 3.33067729084 883 2.91235059761 0.0 0 0
015_19.HWR 1493 3362 6098 0.244834371925 8.72806430007 8.72806430007 947.0 1357 489.408573342 836 -2171 265 836 3634 1.00133958473 2033 1.49698593436 0.0 0 0
001_12.HWR 382 2177 6165 0.0619626926196 31.6439790576 31.6439790576 246.0 262 443.429319372 1022 1205 -213 1022 3311 2.98952879581 985 2.70418848168 0.0 0 1
006_13.HWR 809 1431 4126 0.196073679108 9.46106304079 9.46106304079 446.0 650 506.145859085 897 482 -112 897 2055 0.692212608158 629 1.24598269468 0.0 0 0
004_6.HWR 613 1324 3290 0.18632218845 12.5676998369 12.5676998369 341.0 470 418.738988581 861 890 49 861 2266 2.20228384992 287 0.548123980424 0.0 0 0
004_9.HWR 667 1478 2661 0.250657647501 8.21589205397 8.21589205397 357.0 498 331.343328336 754 706 -42 754 1487 0.761619190405 601 0.460269865067 0.0 0 1
006_2.HWR 1213 1294 8679 0.139762645466 14.2868920033 14.2868920033 535.0 641 295.463314097 940 -897 -263 940 6554 0.906842539159 729 0.393239901072 0.0 1 1
009_13.HWR 728 1516 2862 0.254367575122 8.37774725275 8.37774725275 400.0 541 330.423076923 759 748 -148 759 1631 0.570054945055 369 0.222527472527 0.0 0 0
012_04.HWR 213 2121 5207 0.0409064720568 40.2535211268 40.2535211268 110.0 189 501.375586854 969 1106 454 969 2316 3.56807511737 1417 3.97183098592 0.0 0 0
009_23.HWR 770 1549 3410 0.225806451613 8.59480519481 8.59480519481 402.0 557 311.637662338 735 823 -79 735 1791 0.698701298701 382 -0.119480519481 0.0 0 0
016_7.HWR 248 1871 4633 0.0535290308655 27.3024193548 27.3024193548 131.0 207 463.35483871 993 1911 -768 993 1880 2.72177419355 982 2.98387096774 0.0 0 0
015_24.HWR 1509 2429 6295 0.239714058777 8.61895294897 8.61895294897 929.0 1335 507.776673294 942 1931 -87 942 3500 0.658714380384 986 0.617627567926 0.0 0 0
015_14.HWR 1542 2618 6056 0.254623513871 8.15110246433 8.15110246433 976.0 1348 495.67769131 841 2006 13 841 3460 0.824254215305 1229 0.647211413748 0.0 0 0
003_14.HWR 808 1282 3301 0.244774310815 5.07301980198 5.07301980198 465.0 656 426.428217822 763 -1008 109 763 917 -0.533415841584 568 0.762376237624 0.0 0 0
012_17.HWR 223 2497 5457 0.0408649441085 56.3228699552 56.3228699552 136.0 194 514.591928251 985 -195 -28 985 3603 8.79820627803 1707 5.30493273543 0.0 0 0
002_07.HWR 930 1104 4242 0.219236209335 9.2064516129 9.2064516129 523.0 708 412.975268817 999 -940 -147 999 2217 0.367741935484 603 1.0 0.0 0 0
002_05.HWR 883 925 4344 0.203268876611 9.62400906002 9.62400906002 497.0 678 431.797281993 859 -912 -176 859 2086 -0.133635334088 450 0.637599093998 0.0 0 0
002_12.HWR 891 878 4139 0.215269388741 9.17957351291 9.17957351291 466.0 701 427.480359147 824 1515 120 824 2031 -0.0325476992144 382 0.719416386083 0.0 0 0
009_07.HWR 878 4496 7409 0.118504521528 20.777904328 20.777904328 520.0 572 257.284738041 628 428 238 628 5557 4.53872437358 657 -3.24145785877 0.0 1 1
016_01.HWR 200 1737 4632 0.0431778929188 31.17 31.17 102.0 186 524.495 801 1673 -440 801 1927 7.28 951 6.085 0.0 0 0
006_10.HWR 891 1983 3587 0.248396989127 6.31986531987 6.31986531987 506.0 666 472.043771044 846 -683 -201 846 1362 -0.216610549944 1362 1.97643097643 0.0 0 1
002_17.HWR 925 938 4284 0.215919701214 9.06594594595 9.06594594595 502.0 727 393.918918919 771 -1062 -157 771 2068 -0.0756756756757 196 0.283243243243 0.0 0 0
016_22.HWR 269 1783 5121 0.0525288029682 19.4237918216 19.4237918216 147.0 226 496.208178439 824 632 -65 824 1421 1.55762081784 987 2.5687732342 0.0 0 0
001_14.HWR 369 2123 5264 0.0700987841945 25.4119241192 25.4119241192 239.0 245 427.655826558 1022 573 -521 1022 2512 1.65040650407 763 2.28726287263 0.0 0 1
014_09.HWR 1236 5331 20837 0.0593175601094 -29.895631068 -29.895631068 619.0 710 265.121359223 754 4890 1026 754 2013 -7.7855987055 772 -1.79045307443 0.0 0 0
006_08.HWR 854 1381 3299 0.258866323128 6.71545667447 6.71545667447 459.0 647 465.319672131 857 1260 -255 857 1444 0.0480093676815 778 1.2868852459 0.0 0 0
003_11.HWR 782 623 4097 0.190871369295 10.868286445 10.868286445 462.0 650 437.700767263 754 -1006 115 754 2374 1.27493606138 273 0.437340153453 0.0 0 0
004_17.HWR 456 2010 4229 0.107826909435 22.8969298246 22.8969298246 238.0 387 408.688596491 755 779 -95 755 3184 5.07675438596 999 2.48026315789 0.0 0 0
004_07.HWR 578 1569 2812 0.205547652916 11.2301038062 11.2301038062 319.0 436 388.724913495 785 -34 103 785 1911 1.99480968858 632 1.3892733564 0.0 0 1
015_21.HWR 1475 2663 4911 0.300346161678 5.20745762712 5.20745762712 888.0 1319 500.261694915 902 2182 -32 902 1844 -0.206779661017 1591 1.15661016949 0.0 0 0
016_23.HWR 240 1308 4749 0.0505369551485 22.7 22.7 118.0 201 510.829166667 930 1748 -453 930 1479 1.84166666667 711 2.3625 0.0 0 0
015_01.HWR 1927 2791 7096 0.271561443067 7.64296834458 7.64296834458 1103.0 1410 457.62584328 956 1072 -360 956 3904 0.460819927348 398 0.248572911261 0.0 0 0
016_4.HWR 265 1906 5117 0.0517881571233 19.8528301887 19.8528301887 140.0 228 486.41509434 1007 1608 -806 1007 1427 1.20377358491 971 1.58113207547 0.0 0 0
009_15.HWR 806 2142 2888 0.279085872576 1.97394540943 1.97394540943 404.0 588 338.617866005 709 852 -64 709 311 -1.14019851117 446 -1.39578163772 0.0 0 0
012_06.HWR 219 2307 4996 0.0438350680544 53.4794520548 53.4794520548 124.0 194 536.835616438 1022 -370 -139 1022 3440 9.66210045662 1505 4.99086757991 0.0 0 0
003_12.HWR 756 600 4316 0.17516218721 12.3386243386 12.3386243386 448.0 647 466.912698413 785 -228 73 785 2658 1.71693121693 370 0.444444444444 0.0 0 0
012_8.HWR 219 1942 4736 0.0462415540541 38.5388127854 38.5388127854 115.0 195 478.01826484 938 969 308 938 2327 4.28310502283 889 2.0 0.0 0 0
006_22.HWR 854 1440 3286 0.259890444309 6.65105386417 6.65105386417 452.0 654 496.141686183 907 1319 -99 907 1404 -0.0843091334895 500 1.07728337237 0.0 0 0
003_1.HWR 891 1256 3399 0.26213592233 4.85185185185 4.85185185185 513.0 708 409.272727273 789 -87 101 789 949 -0.602693602694 595 0.773288439955 0.0 0 0
014_20.HWR 1260 1184 7933 0.15883020295 11.3182539683 11.3182539683 602.0 706 230.599206349 718 -1662 -135 718 3391 -0.523015873016 168 -0.159523809524 0.0 0 1
014_7.HWR 847 1350 5792 0.146236187845 14.4391971665 14.4391971665 497.0 697 343.563164109 768 1426 14 768 3230 0.850059031877 749 0.282172373081 0.0 0 0
015_09.HWR 1539 3329 6489 0.237170596394 9.16699155296 9.16699155296 918.0 1340 503.131254061 981 2064 -251 981 4006 1.24496426251 2078 1.55295646524 0.0 0 0
015_13.HWR 1916 3877 7984 0.23997995992 4.05636743215 4.05636743215 1033.0 1407 462.579331942 901 -3230 -286 901 1546 -0.828810020877 320 -0.178496868476 0.0 0 0
001_7.HWR 748 2485 11517 0.0649474689589 24.2767379679 24.2767379679 276.0 257 220.709893048 929 -3511 913 929 6852 -3.19117647059 481 -0.209893048128 0.0 1 1
015_15.HWR 1452 2789 6943 0.209131499352 10.3684573003 10.3684573003 925.0 1300 514.488292011 866 2219 110 866 4207 1.22658402204 1407 1.02892561983 0.0 0 0
006_5.HWR 898 1991 3446 0.260591990714 7.64365256125 7.64365256125 523.0 651 427.233853007 852 1392 -332 852 1779 0.30289532294 1241 1.81959910913 0.0 0 1
012_08.HWR 219 1942 4736 0.0462415540541 38.5388127854 38.5388127854 115.0 195 478.01826484 938 969 308 938 2327 4.28310502283 889 2.0 0.0 0 0
014_01.HWR 839 1157 5468 0.153438185808 13.4338498212 13.4338498212 482.0 676 361.933253874 781 1639 -55 781 2912 0.46126340882 552 0.258641239571 0.0 0 0
015_03.HWR 1918 10056 25758 0.0744623029738 -30.5234619395 -30.5234619395 1018.0 1388 403.922836288 873 6447 1557 873 2538 -8.37330552659 1905 -1.76225234619 0.0 0 0
003_9.HWR 948 2250 4028 0.235352532274 8.95042194093 8.95042194093 521.0 739 385.766877637 721 170 10 721 2318 0.830168776371 454 0.445147679325 0.0 0 0
009_11.HWR 1174 4263 6731 0.174416877136 11.8398637138 11.8398637138 736.0 578 186.751277683 585 -512 726 585 3825 1.18568994889 1312 -0.49063032368 0.0 1 1
003_17.HWR 781 1208 3366 0.232026143791 7.61971830986 7.61971830986 453.0 645 430.558258643 736 -948 107 736 1561 0.395646606914 878 1.37772087068 0.0 0 0
002_01.HWR 882 1357 4276 0.206267539757 9.92517006803 9.92517006803 485.0 683 462.005668934 925 1632 98 925 2248 0.294784580499 747 1.13945578231 0.0 0 0
003_22.HWR 839 1359 3254 0.257836508912 6.90584028605 6.90584028605 480.0 670 401.023837902 776 -1051 117 776 1466 0.0715137067938 419 0.502979737783 0.0 0 0
012_6.HWR 219 2307 4996 0.0438350680544 53.4794520548 53.4794520548 124.0 194 536.835616438 1022 -370 -139 1022 3440 9.66210045662 1505 4.99086757991 0.0 0 0
003_02.HWR 844 1317 4040 0.208910891089 6.7808056872 6.7808056872 527.0 668 378.620853081 752 -148 65 752 1404 -0.126777251185 663 1.00355450237 0.0 0 0
016_6.HWR 263 1812 4848 0.0542491749175 23.4486692015 23.4486692015 142.0 224 491.707224335 1018 1853 -795 1018 1778 3.23574144487 820 1.50950570342 0.0 0 0
001_17.HWR 384 2188 5845 0.0656971770744 27.6744791667 27.6744791667 256.0 277 448.713541667 1022 1124 -179 1022 2732 0.4453125 681 0.96875 0.0 0 1
009_9.HWR 886 5221 7671 0.115499934819 -17.618510158 -17.618510158 391.0 563 248.007900677 653 1042 453 653 418 -7.29571106095 936 -3.37584650113 0.0 1 0
016_19.HWR 233 1468 5257 0.0443218565722 16.5450643777 16.5450643777 122.0 194 498.510729614 951 875 -632 951 1072 0.991416309013 629 2.02575107296 0.0 0 0
012_23.HWR 241 2067 4603 0.052357158375 44.2406639004 44.2406639004 141.0 207 491.622406639 948 1022 237 948 3042 6.46473029046 976 2.1867219917 0.0 0 0
009_02.HWR 756 1772 3739 0.202193099759 10.7023809524 10.7023809524 423.0 550 279.732804233 642 -720 -354 642 2326 1.59126984127 690 1.31349206349 0.0 0 0
001_21.HWR 379 2079 5536 0.068460982659 24.5303430079 24.5303430079 229.0 258 428.073878628 995 933 -246 995 2302 -0.509234828496 535 1.59102902375 0.0 0 1
001_1.HWR 381 2424 5710 0.0667250437828 30.0656167979 30.0656167979 240.0 286 471.233595801 1022 545 -527 1022 3287 4.35433070866 1187 3.48556430446 0.0 0 1
003_15.HWR 840 1304 3706 0.226659471128 6.74166666667 6.74166666667 459.0 688 441.329761905 765 -1110 119 765 1382 -0.172619047619 503 0.564285714286 0.0 0 0
012_16.HWR 225 2563 3732 0.0602893890675 33.8977777778 33.8977777778 125.0 205 512.506666667 929 1196 455 929 2092 3.72 1740 5.32888888889 0.0 0 0
016_17.HWR 238 2184 5297 0.0449310930715 15.4495798319 15.4495798319 121.0 200 499.852941176 799 1339 -952 799 1078 2.41596638655 1121 1.53361344538 0.0 0 0
012_4.HWR 213 2121 5207 0.0409064720568 40.2535211268 40.2535211268 110.0 189 501.375586854 969 1106 454 969 2316 3.56807511737 1417 3.97183098592 0.0 0 0
014_07.HWR 847 1350 5792 0.146236187845 14.4391971665 14.4391971665 497.0 697 343.563164109 768 1426 14 768 3230 0.850059031877 749 0.282172373081 0.0 0 0
003_09.HWR 948 2250 4028 0.235352532274 8.95042194093 8.95042194093 521.0 739 385.766877637 721 170 10 721 2318 0.830168776371 454 0.445147679325 0.0 0 0
006_02.HWR 1213 1294 8679 0.139762645466 14.2868920033 14.2868920033 535.0 641 295.463314097 940 -897 -263 940 6554 0.906842539159 729 0.393239901072 0.0 1 1
004_14.HWR 538 1310 2454 0.21923390383 10.4014869888 10.4014869888 268.0 459 429.288104089 725 -612 484 725 1644 1.843866171 414 0.661710037175 0.0 0 0
004_22.HWR 470 2306 3674 0.127925966249 18.8021276596 18.8021276596 263.0 335 331.740425532 845 713 -60 845 2591 3.35106382979 1309 3.3829787234 0.0 0 1
006_21.HWR 828 1259 3929 0.210740646475 6.18961352657 6.18961352657 426.0 616 503.826086957 872 -102 -73 872 1259 -0.107487922705 577 1.06763285024 0.0 0 0
015_4.HWR 1968 5101 10123 0.194408772103 9.04928861789 9.04928861789 1155.0 1418 376.328252033 827 592 -369 827 4834 0.791158536585 1413 0.213414634146 0.0 0 1
009_06.HWR 828 5920 3084 0.268482490272 -1.07608695652 -1.07608695652 379.0 556 291.094202899 657 762 18 657 345 -1.97222222222 578 -5.59057971014 0.0 1 0
004_02.HWR 510 1214 3509 0.145340552864 17.1137254902 17.1137254902 291.0 373 380.52745098 816 -451 -466 816 2671 3.85490196078 177 0.166666666667 0.0 0 1
001_3.HWR 863 2275 5803 0.148716181286 9.4044032445 9.4044032445 361.0 338 209.049826188 888 259 16 888 1608 -1.96755504056 239 0.0834298957126 0.0 1 1
004_4.HWR 569 1951 3382 0.168243642815 14.5360281195 14.5360281195 289.0 455 412.597539543 766 651 54 766 2504 3.11950790861 1086 2.00527240773 0.0 0 0
003_20.HWR 767 1291 3179 0.241270839887 6.73402868318 6.73402868318 449.0 632 408.083441982 718 -149 12 718 1261 -0.165580182529 347 0.499348109518 0.0 0 0
009_14.HWR 745 3397 3240 0.229938271605 1.96510067114 1.96510067114 401.0 551 334.483221477 725 761 -121 725 366 -1.45234899329 516 -2.82281879195 0.0 0 0
012_15.HWR 219 2128 4345 0.0504027617952 39.899543379 39.899543379 120.0 199 545.424657534 987 843 199 987 2373 3.75342465753 1296 3.3196347032 0.0 0 0
004_19.HWR 547 2205 4291 0.127476112794 20.5959780622 20.5959780622 271.0 377 302.694698355 789 754 -49 789 3542 5.41864716636 1445 2.62340036563 0.0 1 1
002_4.HWR 881 1068 4311 0.204360937138 9.82746878547 9.82746878547 489.0 668 385.331441544 981 -859 -184 981 2184 0.11123723042 538 0.83087400681 0.0 0 0
003_23.HWR 826 1702 3584 0.23046875 8.20338983051 8.20338983051 465.0 637 399.920096852 772 632 2 772 1751 0.27602905569 604 0.886198547215 0.0 0 0
016_5.HWR 258 1590 4934 0.0522902310499 20.1434108527 20.1434108527 139.0 221 466.899224806 979 1674 -631 979 1408 1.61627906977 859 2.41472868217 0.0 0 0
002_2.HWR 915 1186 4503 0.203197868088 10.0797814208 10.0797814208 507.0 693 466.406557377 916 1625 75 916 2362 0.245901639344 659 0.887431693989 0.0 0 0
012_7.HWR 229 2356 3984 0.0574799196787 36.6812227074 36.6812227074 123.0 207 520.013100437 926 1007 270 926 2351 4.55895196507 1330 3.54585152838 0.0 0 0
002_13.HWR 904 1198 4123 0.219257821974 9.30309734513 9.30309734513 498.0 696 436.23340708 901 -941 -238 901 2151 0.234513274336 674 0.955752212389 0.0 0 0
001_08.HWR 388 2379 5843 0.066404244395 27.6262886598 27.6262886598 249.0 247 389.93814433 996 1287 11 996 2849 1.72422680412 1067 2.82731958763 0.0 0 1
016_06.HWR 263 1812 4848 0.0542491749175 23.4486692015 23.4486692015 142.0 224 491.707224335 1018 1853 -795 1018 1778 3.23574144487 820 1.50950570342 0.0 0 0
001_01.HWR 350 2222 4532 0.0772285966461 22.8542857143 22.8542857143 221.0 286 512.971428571 1022 746 -477 948 2202 2.21428571429 266 1.16 0.0 0 0
009_22.HWR 769 1573 3773 0.203816591572 10.366710013 10.366710013 416.0 555 297.589076723 619 -553 -300 619 2261 1.39401820546 384 0.230169050715 0.0 0 0
015_20.HWR 1469 2738 5916 0.248309668695 8.73110959837 8.73110959837 922.0 1346 513.137508509 848 2006 50 848 3592 1.04424778761 1498 1.06875425459 0.0 0 0
004_01.HWR 645 1967 7476 0.0862760834671 29.8 29.8 363.0 450 389.790697674 944 190 -165 944 5922 6.97519379845 1145 1.71317829457 0.0 0 1
014_4.HWR 836 1207 5771 0.144862242246 14.4425837321 14.4425837321 499.0 681 342.982057416 723 1384 1 723 3157 0.700956937799 418 -0.0693779904306 0.0 0 0
006_23.HWR 789 1412 3753 0.210231814548 7.80608365019 7.80608365019 394.0 617 477.569074778 890 1163 -169 890 1577 0.244613434728 476 1.06463878327 0.0 0 0
006_20.HWR 798 1259 3141 0.25405921681 6.84210526316 6.84210526316 419.0 625 497.330827068 879 632 -31 879 1354 -0.0250626566416 533 1.12030075188 0.0 0 0
001_09.HWR 548 2275 6326 0.0866266202972 24.1624087591 24.1624087591 344.0 251 279.77189781 965 835 -450 965 3741 3.04927007299 663 1.34854014599 0.0 1 1
002_8.HWR 892 886 4126 0.216190014542 9.0033632287 9.0033632287 501.0 676 413.780269058 1022 -839 -152 1022 1960 -0.198430493274 327 0.45067264574 0.0 0 0
009_10.HWR 890 1604 5307 0.167703033729 14.6292134831 14.6292134831 495.0 595 256.934831461 664 606 -148 664 3860 2.7191011236 356 0.422471910112 0.0 0 1
002_5.HWR 883 925 4344 0.203268876611 9.62400906002 9.62400906002 497.0 678 431.797281993 859 -912 -176 859 2086 -0.133635334088 450 0.637599093998 0.0 0 0
009_21.HWR 827 9132 8753 0.0944818919228 -22.9359129383 -22.9359129383 378.0 545 281.00241838 613 1583 873 613 313 -8.54171704958 1084 -7.21402660218 0.0 1 1
001_9.HWR 548 2275 6326 0.0866266202972 24.1624087591 24.1624087591 344.0 251 279.77189781 965 835 -450 965 3741 3.04927007299 663 1.34854014599 0.0 1 1
002_24.HWR 926 831 3926 0.235863474274 8.46760259179 8.46760259179 512.0 726 434.978401728 858 1503 -38 858 1983 0.117710583153 248 0.359611231102 0.0 0 0
016_1.HWR 200 1737 4632 0.0431778929188 31.17 31.17 102.0 186 524.495 801 1673 -440 801 1927 7.28 951 6.085 0.0 0 0
001_13.HWR 338 2302 5041 0.0670501884547 22.6183431953 22.6183431953 207.0 262 480.917159763 1005 1035 -356 1005 1881 -0.494082840237 806 2.59467455621 0.0 0 0
004_7.HWR 578 1569 2812 0.205547652916 11.2301038062 11.2301038062 319.0 436 388.724913495 785 -34 103 785 1911 1.99480968858 632 1.3892733564 0.0 0 1
012_1.HWR 225 2198 5154 0.0436554132712 51.76 51.76 132.0 204 508.848888889 1019 568 154 1019 3449 9.66222222222 1447 3.92444444444 0.0 0 0
006_1.HWR 1015 1478 3321 0.305630834086 4.82463054187 4.82463054187 532.0 733 401.401970443 812 1319 -372 812 1159 -0.257142857143 425 0.592118226601 0.0 0 0
015_07.HWR 1928 5468 9692 0.198926950062 7.88018672199 7.88018672199 1154.0 1352 361.237551867 822 799 -294 822 3970 0.35632780083 307 -0.0803941908714 0.0 0 1
012_05.HWR 220 2091 3916 0.0561797752809 36.9909090909 36.9909090909 127.0 191 532.272727273 1022 5 -41 1022 2261 4.44545454545 1246 3.38181818182 0.0 0 0
014_19.HWR 1245 2053 7938 0.156840513983 10.9365461847 10.9365461847 560.0 711 225.288353414 718 -1696 -121 718 3269 -0.416064257028 1149 -0.316465863454 0.0 0 0
016_03.HWR 260 1966 4476 0.0580875781948 13.8038461538 13.8038461538 138.0 215 450.011538462 707 661 -257 707 954 0.896153846154 987 2.24230769231 0.0 1 0
002_16.HWR 958 847 3879 0.246970868781 7.36743215031 7.36743215031 510.0 751 414.043841336 864 1475 72 864 1659 -0.423799582463 321 0.583507306889 0.0 0 0
004_3.HWR 533 1501 2917 0.182721974631 12.3977485929 12.3977485929 314.0 419 398.56097561 738 802 38 738 1939 2.19887429644 195 -0.292682926829 0.0 0 1
009_24.HWR 860 7219 3638 0.23639362287 -5.53837209302 -5.53837209302 414.0 561 288.029069767 695 934 478 695 318 -3.23604651163 912 -5.97558139535 0.0 1 0
014_18.HWR 1251 4888 20027 0.0624656713437 -29.410871303 -29.410871303 609.0 731 264.507593925 777 6388 1188 777 2339 -7.29256594724 931 -1.59152677858 0.0 0 0
003_19.HWR 804 1590 3140 0.256050955414 4.91666666667 4.91666666667 457.0 647 419.715174129 817 -1097 110 817 837 -0.752487562189 515 0.772388059701 0.0 0 0
001_20.HWR 418 2083 6043 0.0691709415853 27.3755980861 27.3755980861 252.0 289 423.614832536 989 1143 -41 989 3086 2.03110047847 847 2.01196172249 0.0 0 1
004_11.HWR 603 2561 4077 0.147902869757 17.0547263682 17.0547263682 315.0 468 360.47761194 798 642 127 798 3162 3.96019900498 1793 2.78441127695 0.0 0 0
014_9.HWR 1236 5331 20837 0.0593175601094 -29.895631068 -29.895631068 619.0 710 265.121359223 754 4890 1026 754 2013 -7.7855987055 772 -1.79045307443 0.0 0 0
012_07.HWR 229 2356 3984 0.0574799196787 36.6812227074 36.6812227074 123.0 207 520.013100437 926 1007 270 926 2351 4.55895196507 1330 3.54585152838 0.0 0 0
001_2.HWR 403 2366 5456 0.0738636363636 24.4937965261 24.4937965261 243.0 290 410.364764268 884 1294 -111 884 2665 2.00248138958 947 2.61786600496 0.0 0 1
016_08.HWR 249 1798 4707 0.0528999362651 18.3975903614 18.3975903614 128.0 200 427.831325301 821 1655 -602 821 1276 1.44176706827 1002 2.77510040161 0.0 0 0
014_12.HWR 847 1172 5742 0.147509578544 13.1038961039 13.1038961039 496.0 685 389.441558442 826 1540 -50 826 2705 -0.25147579693 159 -0.436835891381 0.0 0 0
006_8.HWR 854 1381 3299 0.258866323128 6.71545667447 6.71545667447 459.0 647 465.319672131 857 1260 -255 857 1444 0.0480093676815 778 1.2868852459 0.0 0 0
014_06.HWR 822 1366 6063 0.135576447303 15.0291970803 15.0291970803 476.0 677 370.779805353 809 1536 31 809 3152 0.330900243309 202 -0.467153284672 0.0 0 0
012_11.HWR 213 2516 5092 0.0418303220738 51.4507042254 51.4507042254 139.0 192 554.713615023 968 -361 1 968 3089 6.59624413146 1721 4.50234741784 0.0 0 0
006_09.HWR 824 1392 3518 0.234223990904 6.71601941748 6.71601941748 425.0 643 497.197815534 901 325 -97 901 1334 -0.259708737864 781 1.31189320388 0.0 0 0
016_21.HWR 281 1675 4907 0.0572651314449 28.0177935943 28.0177935943 156.0 238 541.334519573 840 1012 -585 840 2312 4.35943060498 736 1.38078291815 0.0 0 0
015_1.HWR 1927 2791 7096 0.271561443067 7.64296834458 7.64296834458 1103.0 1410 457.62584328 956 1072 -360 956 3904 0.460819927348 398 0.248572911261 0.0 0 0
003_04.HWR 906 1883 3334 0.27174565087 3.51434878587 3.51434878587 525.0 711 375.740618102 704 112 -25 704 595 -0.887417218543 807 1.03642384106 0.0 0 0
003_2.HWR 844 1317 4040 0.208910891089 6.7808056872 6.7808056872 527.0 668 378.620853081 752 -148 65 752 1404 -0.126777251185 663 1.00355450237 0.0 0 0
003_4.HWR 906 1883 3334 0.27174565087 3.51434878587 3.51434878587 525.0 711 375.740618102 704 112 -25 704 595 -0.887417218543 807 1.03642384106 0.0 0 0
004_5.HWR 559 1991 4024 0.138916500994 18.0787119857 18.0787119857 273.0 438 403.703041145 824 653 -163 824 3104 4.16457960644 1138 2.32021466905 0.0 0 0
003_13.HWR 1006 1889 3114 0.323057161207 3.34990059642 3.34990059642 576.0 717 381.7027833 801 -1058 -308 801 643 -0.79324055666 543 0.590457256461 0.0 0 1
006_04.HWR 912 3360 3137 0.290723621294 3.10855263158 3.10855263158 512.0 641 421.927631579 863 1415 -140 863 437 -1.20285087719 270 -2.57894736842 0.0 0 1
002_10.HWR 958 1094 4139 0.231456873641 8.89248434238 8.89248434238 530.0 713 374.828810021 872 -895 -128 872 2195 0.272442588727 504 0.764091858038 0.0 0 0
014_2.HWR 841 1215 5319 0.158112427148 12.6765755054 12.6765755054 478.0 671 290.771700357 748 2215 -78 748 2689 0.155766944114 397 -0.0154577883472 0.0 0 0
001_22.HWR 480 2524 5567 0.0862223818933 19.925 19.925 295.0 325 417.3 942 1249 -194 942 2366 -0.3375 545 0.85625 0.0 0 1
009_03.HWR 810 1443 3061 0.264619405423 7.6037037037 7.6037037037 429.0 582 289.603703704 622 260 -285 622 1697 0.766666666667 306 -0.50987654321 0.0 0 0
016_9.HWR 251 1739 5613 0.0447176198112 22.374501992 22.374501992 132.0 213 516.486055777 990 1791 -722 990 1628 3.33067729084 883 2.91235059761 0.0 0 0
