50.0 1.0 0.0
45.0 0.525 0.0
40.0 0.33999999999999997 0.0
35.0 0.25190625 0.0
30.0 0.19939406250000002 0.0
25.0 0.16416161718749997 0.0
20.0 0.140458297265625 0.0
15.0 0.12236223935791016 0.0
10.0 0.10831867910754396 0.0
5.0 0.0627669721834165 0.00125
4.0 0.043742604694497624 0.001899621212121212
3.0 0.019973927519560408 0.002438470643939394
2.0 0.0019998997212290785 0.007701686425553613
2.0 0.024999999999999998 0.1
1.9 0.006874999999999999 0.05458333333333333
1.8 0.0042812499999999995 0.04396527777777778
1.7 0.002136848958333333 0.03804956597222222
1.6 8.547018229166667E-4 0.03538049565972222
1.5 7.122515190972222E-6 0.03571150413049769
1.4 5.0875108506944446E-8 0.04192174883902736
1.3 3.179694281684028E-10 0.048178677596910593
1.2 1.7664968231577934E-12 0.05952691857924209
1.1 8.832484115788967E-15 0.07071430125956288
1.0 4.014765507176803E-17 0.07986688318754345
0.9 1.672818961323668E-19 0.07915222312439255
0.8 6.433919082014108E-22 0.07658648290945279
0.7 2.2978282435764673E-24 0.07170209458181948
0.6 7.659427478588225E-27 0.06690567364860607
0.5 2.3935710870588204E-29 0.0627090802301519
0.4 7.039914961937707E-32 0.05900796788302986
0.3 1.955531933871585E-34 0.05571946657745286
0.2 5.146136668083119E-37 0.052778209122572244
0.1 1.2865341670207796E-39 0.05013194552280643
